$coord  natoms=    68
   -3.55496442969374     -0.00160023675638      0.28047451313137      u
    3.55723148966131     -0.00130732920707      0.34776199125092      u
   -0.00482666621328      2.57656445342730      0.81156503292232      o
   -0.02787943520759      3.36860158458945      2.45589321273032      h
   -8.42114904033832      0.00079593596964      0.13423994670333      n
    5.29966291150312     -8.71806214207735     -0.85519230625885      c
    4.06658637956681    -10.31758680519659     -1.17522876382097      h
   -0.00452431003334     -2.58021279203161      0.80971499104631      o
   -0.02720291325498     -3.37310218967596      2.45362932083301      h
    8.41806439592095     -0.00014892709267      0.12104020972282      n
   -5.69825589544792      4.26589835061938     -0.24370716794795      n
    5.69051496585947     -4.28925086352516     -0.11817077176293      n
    9.67600405447896     -2.18863319311728      0.34905645364629      c
   -5.31353789209210      8.67920064686677     -1.06087765656762      c
   -4.08886686195813     10.26489251475375     -1.46960463033680      h
   -9.38048362531359     -6.85151350837012     -0.34460531492009      c
  -11.41089985991774     -7.03093544499884     -0.22068841402388      h
    5.68843626712238      4.28778137914255     -0.11700292101791      n
    9.37554893902021     -6.85404385165099     -0.38147387161154      c
   11.41080854168178     -7.01913410535055     -0.36346289191773      h
   -9.37388092223414      6.85400111049248     -0.34550293482929      c
  -11.40405716162048      7.03551308421503     -0.22072809827250      h
    4.27423515531907      6.33641457358810     -0.51484507230925      c
    2.25192206633730      6.03893199732339     -0.56105832468698      h
    9.67493069004017      2.18889469786482      0.34974620368178      c
   -5.70227912236725     -4.26716563430666     -0.24172484524321      n
    7.90078021519651     -8.97452632308094     -0.78749664729638      c
    8.78335034553723    -10.80130756022155     -1.06022570105462      h
   -9.66684705306100     -2.18732928209129      0.41866640517301      c
  -13.46931238705824      0.00336029432076      1.45847497716546      c
  -15.43758497805407      0.00438263615418      2.01908112929694      h
   13.52103546943339      0.00093388597674      1.22428121854059      c
   15.51125533964063      0.00135340517641      1.70113470882866      h
    8.21487726354894     -4.52438948521234     -0.04426547275494      c
   -4.29748884666457     -6.29882341897469     -0.74265722581126      c
   -2.28227545873302     -5.98533486243440     -0.89441357197546      h
   -8.21851370799469     -4.51741450608635     -0.04763107498290      c
    8.21269274014887      4.52406139540901     -0.04291242884971      c
   -9.66473055980142      2.19017215272507      0.41818830446348      c
    4.27720202533473     -6.33843396827298     -0.51631716896034      c
    2.25474153771525     -6.04189058589220     -0.56216381446988      h
   -8.21417111736031      4.51876449308168     -0.04868554216044      c
  -12.20026491833967      2.25495007455112      1.09469324954438      c
  -13.16564851663987      4.03321637289421      1.36493731344874      h
  -12.20241164721725     -2.24953906611397      1.09528662354751      c
  -13.16941852025850     -4.02684160413350      1.36612406145500      h
   -5.32164670689287     -8.68104240729593     -1.05765378379901      c
   -4.09841942751811    -10.26810621634939     -1.46536408491314      h
   12.23752781640919      2.25202099905795      0.91653176024079      c
   13.21424788173102      4.02907598295516      1.15067638598642      h
   12.23865976235784     -2.25068801959774      0.91576453143419      c
   13.21628878594561     -4.02732915347365      1.14928932701094      h
   -4.29166093129622      6.29599333178235     -0.74585842186638      c
   -2.27683682694635      5.98051111418058     -0.89873348589635      h
   -7.91375568615017     -8.95685360436344     -0.84898455593946      c
   -8.79676423295181    -10.78763728143601     -1.09194475405647      h
    9.37231939707322      6.85432614338591     -0.37950099753743      c
   11.40751474904656      7.02029323000729     -0.36140875962026      h
   -7.90523869050648      8.95776139544561     -0.85089884850370      c
   -8.78647845365547     10.78941434653551     -1.09371353770912      h
    5.29562456677480      8.71659832687312     -0.85304746710740      c
    4.06182804918501     10.31561654339096     -1.17284959863007      h
    7.89661525881784      8.97424547643072     -0.78507023895236      c
    8.77837658637722     10.80149347592411     -1.05727583857408      h
   -4.07188956245449     -0.00146417647541      3.55178507664942      o
    4.04816532930396     -0.00204621212180      3.62293515496770      o
   -3.09968027339215     -0.00180432717784     -3.00077600980220      o
    3.13679766255007     -0.00053632094822     -2.93724908667066      o
$user-defined bonds
$end
