$jkbas
*
u def-TZVP
# u     (20s15p14d13f9g8h6i) / [15s13p14d13f9g7h5i]
# {611111111111111/3111111111111/11111111111111/1111111111111/111111111/2111111/
*
   6  s
  727.72681420      0.12751320000
  450.73631100     -0.58680940000
  280.75343620       1.3507985000
  173.89630550      -2.2649174000
  108.38536110       3.0952013000
  67.217782000      -3.8818200000
   1  s
  41.894542000       1.0000000000
   1  s
  25.853147800       1.0000000000
   1  s
  15.954131600       1.0000000000
   1  s
  9.8454674000       1.0000000000
   1  s
  6.0757880000       1.0000000000
   1  s
  3.7494854000       1.0000000000
   1  s
  2.3138924000       1.0000000000
   1  s
  1.4279624000       1.0000000000
   1  s
 0.88123600000       1.0000000000
   1  s
 0.54383740000       1.0000000000
   1  s
 0.33561950000       1.0000000000
   1  s
 0.20712190000       1.0000000000
   1  s
 0.12782190000       1.0000000000
   1  s
 0.79672100000E-01   1.0000000000
   3  p
  262.84410340      0.10266712420
  145.97305580     -0.37427558290
  81.068884100      0.92161665010
   1  p
  45.023801500       1.0000000000
   1  p
  25.005528400       1.0000000000
   1  p
  13.887857700       1.0000000000
   1  p
  7.7132830000       1.0000000000
   1  p
  4.2839805000       1.0000000000
   1  p
  2.3793557000       1.0000000000
   1  p
  1.3215219000       1.0000000000
   1  p
 0.73399290000       1.0000000000
   1  p
 0.40767240000       1.0000000000
   1  p
 0.22642910000       1.0000000000
   1  p
 0.12576330000       1.0000000000
   1  p
 0.69851500000E-01   1.0000000000
   1  d
  128.25061670       1.0000000000
   1  d
  68.424441700       1.0000000000
   1  d
  36.525043300       1.0000000000
   1  d
  19.506448300       1.0000000000
   1  d
  10.422068500       1.0000000000
   1  d
  5.5705511000       1.0000000000
   1  d
  2.9784557000       1.0000000000
   1  d
  1.5929901000       1.0000000000
   1  d
 0.85220510000       1.0000000000
   1  d
 0.45599970000       1.0000000000
   1  d
 0.24403630000       1.0000000000
   1  d
 0.13061530000       1.0000000000
   1  d
 0.69913900000E-01   1.0000000000
   1  d
 0.37423300000E-01   1.0000000000
   1  f
  69.787476700       1.0000000000
   1  f
  37.190715400       1.0000000000
   1  f
  20.442190500       1.0000000000
   1  f
  11.098341600       1.0000000000
   1  f
  5.7455052000       1.0000000000
   1  f
  3.1252946000       1.0000000000
   1  f
  1.6882518000       1.0000000000
   1  f
 0.86897980000       1.0000000000
   1  f
 0.46720330000       1.0000000000
   1  f
 0.25877380000       1.0000000000
   1  f
 0.14170780000       1.0000000000
   1  f
 0.78545100000E-01   1.0000000000
   1  f
 0.43568100000E-01   1.0000000000
   1  g
  21.804571900       1.0000000000
   1  g
  11.345788000       1.0000000000
   1  g
  5.8453701000       1.0000000000
   1  g
  3.0417293000       1.0000000000
   1  g
  1.5986688000       1.0000000000
   1  g
 0.81552750000       1.0000000000
   1  g
 0.42863470000       1.0000000000
   1  g
 0.22305770000       1.0000000000
   1  g
 0.11492830000       1.0000000000
   2  h
  10.740933500      0.42323704100E-01
  5.4523878000      0.99910395060
   1  h
  2.6332293000       1.0000000000
   1  h
  1.2220349000       1.0000000000
   1  h
 0.57279700000       1.0000000000
   1  h
 0.29664390000       1.0000000000
   1  h
 0.14327110000       1.0000000000
   1  h
 0.74198800000E-01   1.0000000000
   2  i
  9.7715499000      0.22623678710
  4.7191535000      0.97407233620
   1  i
  2.2791612000       1.0000000000
   1  i
  1.1007618000       1.0000000000
   1  i
 0.53163800000       1.0000000000
   1  i
 0.25676760000       1.0000000000
*
o def2-TZVP
# o     (14s10p6d2f1g) / [10s8p4d2f1g]     {5111111111/31111111/3111/11/1}
*
   5  s
  625.28298110      0.18479249890
  253.93274180      0.19224605780
  109.04929550      0.59372043000
  49.423005600      0.60593463970
  23.580521100      0.45741933600
   1  s
  11.807759100       1.0000000000
   1  s
  6.1827814000       1.0000000000
   1  s
  3.3709061000       1.0000000000
   1  s
  1.9042805000       1.0000000000
   1  s
  1.1085447000       1.0000000000
   1  s
 0.66098860000       1.0000000000
   1  s
 0.40108140000       1.0000000000
   1  s
 0.24597690000       1.0000000000
   1  s
 0.15139390000       1.0000000000
   3  p
  77.687483800      0.39010104350
  22.415388400      0.83793482660
  9.8906463000      0.38168888150
   1  p
  5.4848863000       1.0000000000
   1  p
  2.9732983000       1.0000000000
   1  p
  1.4735260000       1.0000000000
   1  p
 0.73603410000       1.0000000000
   1  p
 0.36974140000       1.0000000000
   1  p
 0.18637210000       1.0000000000
   1  p
 0.94990600000E-01   1.0000000000
   3  d
  37.707107400      0.77860015600E-01
  14.775254300      0.31355206270
  5.8470900000      0.94637356360
   1  d
  2.3304365000       1.0000000000
   1  d
 0.93282670000       1.0000000000
   1  d
 0.37392850000       1.0000000000
   1  f
  3.0293422000      0.76154791140
   1  f
 0.92484900000      0.64810861640
   1  g
  1.6934809000       1.0000000000
*
h def2-TZVP
# h     (4s2p2d) / [2s2p2d]     {31/11/11}
*
   3  s
  22.068343000      0.53033986000E-01
  4.3905712000      0.39465220220
  1.0540787000      0.91729877120
   1  s
 0.27178740000       1.0000000000
   1  p
  1.8529979000       1.0000000000
   1  p
 0.38810340000       1.0000000000
   1  d
  2.5579933000       1.0000000000
   1  d
 0.32926490000       1.0000000000
*
c def2-TZVP
# c     (14s10p6d2f1g) / [10s8p5d1f1g]     {5111111111/31111111/21111/2/1}
*
   5  s
  384.44382410      0.18257867580
  167.56266310      0.11970433650
  76.619620300      0.51617376790
  36.679529300      0.53561565140
  18.338091700      0.60189974570
   1  s
  9.5470634000      0.19165883840
   1  s
  5.1584143000       1.0000000000
   1  s
  2.8816701000       1.0000000000
   1  s
  1.6573522000       1.0000000000
   1  s
 0.97681020000       1.0000000000
   1  s
 0.58702000000       1.0000000000
   1  s
 0.35779270000       1.0000000000
   1  s
 0.21995500000       1.0000000000
   1  s
 0.13560770000       1.0000000000
   3  p
  62.067956100      0.25747330090
  20.012750700      0.58566021840
  10.205359400      0.51756621670
   1  p
  5.6367045000      0.56818555000
   1  p
  2.8744918000       1.0000000000
   1  p
  1.4513791000       1.0000000000
   1  p
 0.73283270000       1.0000000000
   1  p
 0.37002560000       1.0000000000
   1  p
 0.18683600000       1.0000000000
   1  p
 0.95282100000E-01   1.0000000000
   2  d
  11.282005700      0.13434185260
  4.3789486000      0.41999086490
   1  d
  1.7517699000      0.89752991040
   1  d
 0.71648520000       1.0000000000
   1  d
 0.29704020000       1.0000000000
   1  d
 0.12370870000       1.0000000000
   2  f
  1.8786227000      0.62371094050
 0.68603580000      0.78165507910
   1  g
  1.1430602000       1.0000000000
*
n def2-TZVP
# n     (14s10p6d2f1g) / [10s8p4d2f1g]     {5111111111/31111111/3111/11/1}
*
   5  s
  502.86084920      0.17948662110
  209.96500460      0.16394914980
  92.434008900      0.55297971800
  42.817583500      0.58582103980
  20.817615400      0.53192624460
   1  s
  10.591289400      0.94798946400E-01
   1  s
  5.6186543000       1.0000000000
   1  s
  3.0952689000       1.0000000000
   1  s
  1.7624885000       1.0000000000
   1  s
  1.0319737000       1.0000000000
   1  s
 0.61783520000       1.0000000000
   1  s
 0.37593430000       1.0000000000
   1  s
 0.23100830000       1.0000000000
   1  s
 0.14242240000       1.0000000000
   3  p
  44.607497200      0.51530130010
  22.523067100      0.19383347500
  11.372330300      0.81042183410
   1  p
  5.7421344000      0.20027382490
   1  p
  2.8993384000       1.0000000000
   1  p
  1.4639486000       1.0000000000
   1  p
 0.73918610000       1.0000000000
   1  p
 0.37323510000       1.0000000000
   1  p
 0.18845670000       1.0000000000
   1  p
 0.95157100000E-01   1.0000000000
   3  d
  46.844040600      0.39944270800E-01
  14.882456100      0.27216475910
  5.3437066000      0.96142123920
   1  d
  2.1154199000       1.0000000000
   1  d
 0.89232180000       1.0000000000
   1  d
 0.38480430000       1.0000000000
   1  f
  2.4229788000      0.69222939090
   1  f
 0.83354410000      0.72167753900
   1  g
  1.4586791000       1.0000000000
*
$cbas
*
u def-TZVP
# u     (11s10p9d7f6g6h5i) / [11s10p9d7f6g6h5i]
# {11111111111/1111111111/111111111/1111111/111111/111111/11111}
*
   1  s
  7.3061304326       1.0000000000
   1  s
  5.4171610761       1.0000000000
   1  s
  5.0529046838       1.0000000000
   1  s
  4.4926415364       1.0000000000
   1  s
  2.7215120076       1.0000000000
   1  s
 0.72071168168       1.0000000000
   1  s
 0.66030300344       1.0000000000
   1  s
 0.30092596957       1.0000000000
   1  s
 0.17170749719       1.0000000000
   1  s
 0.54933535160E-01   1.0000000000
   1  s
 0.50823247307E-01   1.0000000000
   1  p
  10.197567517       1.0000000000
   1  p
  7.8855773284       1.0000000000
   1  p
  6.0805427000       1.0000000000
   1  p
  5.0007661719       1.0000000000
   1  p
  1.9664228937       1.0000000000
   1  p
  1.2661318013       1.0000000000
   1  p
 0.72480670285       1.0000000000
   1  p
 0.41097177789       1.0000000000
   1  p
 0.20077336070       1.0000000000
   1  p
 0.38958043477E-01   1.0000000000
   1  d
  6.5698188851       1.0000000000
   1  d
  6.1195459126       1.0000000000
   1  d
  4.1970530245       1.0000000000
   1  d
  2.2795902303       1.0000000000
   1  d
  1.0547149556       1.0000000000
   1  d
 0.75776721928       1.0000000000
   1  d
 0.32417167276       1.0000000000
   1  d
 0.26971630670       1.0000000000
   1  d
 0.88929844531E-01   1.0000000000
   1  f
  4.3906391239       1.0000000000
   1  f
  4.0595050448       1.0000000000
   1  f
  2.0537705425       1.0000000000
   1  f
 0.86237158705       1.0000000000
   1  f
 0.54970897441       1.0000000000
   1  f
 0.24542937292       1.0000000000
   1  f
 0.11665804419       1.0000000000
   1  g
  6.5123882300       1.0000000000
   1  g
  4.6270700335       1.0000000000
   1  g
  2.3472678145       1.0000000000
   1  g
  1.1613697347       1.0000000000
   1  g
 0.74005944829       1.0000000000
   1  g
 0.35108202096       1.0000000000
   1  h
  12.939670016       1.0000000000
   1  h
  6.5385919243       1.0000000000
   1  h
  2.1804289411       1.0000000000
   1  h
  1.3976859907       1.0000000000
   1  h
 0.68147016299       1.0000000000
   1  h
 0.33279372186       1.0000000000
   1  i
  10.460555358       1.0000000000
   1  i
  4.2727304098       1.0000000000
   1  i
  1.8169913938       1.0000000000
   1  i
  1.0693004876       1.0000000000
   1  i
 0.45102095977       1.0000000000
*
o def2-TZVP
# o     (8s6p5d3f1g) / [8s6p4d3f1g]     {11111111/111111/2111/111/1}
*
   1  s
  364.91291000      0.58060340000
   1  s
  77.387094000       1.4017984600
   1  s
  24.301706000      0.34994600000
   1  s
  8.4369545000       1.0000000000
   1  s
  3.1527941000       1.0000000000
   1  s
  1.5775430000       1.0000000000
   1  s
 0.78178244000       1.0000000000
   1  s
 0.31652679000       1.0000000000
   1  p
  56.735948000       1.0491164900
   1  p
  14.997217000       1.1396043900
   1  p
  5.6428116000       1.0000000000
   1  p
  2.4069219800       1.0000000000
   1  p
  1.0264059600       1.0000000000
   1  p
 0.43769977000       1.0000000000
   2  d
  12.446821000       1.1497182100
  6.1216917000      0.95355196000
   1  d
  2.7102949000       1.0000000000
   1  d
  1.1524061000       1.0000000000
   1  d
 0.41386174000       1.0000000000
   1  f
  4.7793539000      0.36170900000
   1  f
  2.3204642000       1.7811199000
   1  f
  1.0912804000      0.45330353000
   1  g
  2.3383107000       1.0000000000
*
h def2-TZVP
# h     (4s3p2d) / [4s2p1d]     {1111/21/2}
*
   1  s
  9.3352160900      0.64609379000
   1  s
  1.8611070400       1.3700524100
   1  s
 0.59512466000       1.0000000000
   1  s
 0.26448099000       1.0000000000
   2  p
  2.4524982100      0.13284956000
  1.3540383000       1.4527621500
   1  p
 0.59522394000       1.0000000000
   2  d
  1.5816376600       1.4936739700
 0.62743960000     -0.10706900000E-01
*
c def2-TZVP
# c     (8s6p5d3f1g) / [8s6p4d3f1g]     {11111111/111111/2111/111/1}
*
   1  s
  281.47693316      0.48911748000
   1  s
  59.862606910       1.5250664400
   1  s
  23.282844920      0.53278071000
   1  s
  9.4336543900       1.0000000000
   1  s
  3.3115794700       1.0000000000
   1  s
  1.0743857900       1.0000000000
   1  s
 0.40591700000       1.0000000000
   1  s
 0.20682782000       1.0000000000
   1  p
  24.794322760       1.2750582900
   1  p
  6.3790867800       1.3065964800
   1  p
  2.7361982700       1.0000000000
   1  p
  1.1318078500       1.0000000000
   1  p
 0.49171280000       1.0000000000
   1  p
 0.23760591000       1.0000000000
   2  d
  9.0676879600      0.47011119000
  3.4116768900       1.3411244200
   1  d
  1.4150161500       1.0000000000
   1  d
 0.58793486000       1.0000000000
   1  d
 0.25753087000       1.0000000000
   1  f
  2.3870173500      0.79093613000
   1  f
  1.1606799200       1.3917998400
   1  f
 0.55289817000      0.10532469000
   1  g
  1.2288470700       1.0000000000
*
n def2-TZVP
# n     (8s6p5d3f1g) / [8s6p4d3f1g]     {11111111/111111/2111/111/1}
*
   1  s
  291.18394257      0.56533084000
   1  s
  62.030532380       1.3749093200
   1  s
  21.981132290      0.28294012000
   1  s
  9.0671153400       1.0000000000
   1  s
  3.6065484800       1.0000000000
   1  s
  1.3728447400       1.0000000000
   1  s
 0.63709085000       1.0000000000
   1  s
 0.26907231000       1.0000000000
   1  p
  34.121691970       1.0373935000
   1  p
  8.6692708500      0.98879118000
   1  p
  3.9695844400       1.0000000000
   1  p
  1.6756902700       1.0000000000
   1  p
 0.69769401000       1.0000000000
   1  p
 0.33582544000       1.0000000000
   2  d
  12.727173400      0.53636257000
  5.0291661100       1.3124744900
   1  d
  2.0912502500       1.0000000000
   1  d
 0.85902043000       1.0000000000
   1  d
 0.35068479000       1.0000000000
   1  f
  3.4686536900      0.90354051000
   1  f
  1.6686504200       1.6556272500
   1  f
 0.80947600000      0.24984638000
   1  g
  1.7813141500       1.0000000000
*
$end
