$coord  natoms=    29
   -4.62311682846441     -5.08232575043793      0.00000000000000      n
   -4.55867716761467     -7.59072931100493      0.00000000000000      c
   -2.33639137039888     -8.98150726749351      0.00000000000000      c
   -0.06579094535479     -7.67573297154285      0.00000000000000      c
   -0.10839482083448     -5.06129309867084      0.00000000000000      c
   -2.43344014525516     -3.82595834401561      0.00000000000000      c
   -6.37594741317004     -8.54642239373805      0.00000000000000      h
   -2.39623521731353    -11.02721705562426      0.00000000000000      h
    1.71902703346238     -8.68141119999844      0.00000000000000      h
    1.61709520630007     -3.96629318548257      0.00000000000000      h
   -2.57092905917844     -1.02440912863991      0.00000000000000      c
   -4.89261256082341      0.21798186336468      0.00000000000000      c
   -4.90640567180706      2.83271464378600      0.00000000000000      c
   -2.63508337138336      4.12813513029984      0.00000000000000      c
   -0.39829959533944      2.73869509990749      0.00000000000000      c
   -0.38630928307869      0.22303499102193      0.00000000000000      n
   -6.62507567735783     -0.86458932110193      0.00000000000000      h
   -6.68056181582909      3.85702368210428      0.00000000000000      h
   -2.56378022524898      6.16977822781040      0.00000000000000      h
    2.09665667412472      4.02039995420880      0.00000000000000      c
    4.32901093213252      2.62451973718373      0.00000000000000      c
    6.61448350177742      3.89484277103641      0.00000000000000      c
    6.61001807894493      6.51412790169195      0.00000000000000      c
    4.29442516459962      7.74329648000254      0.00000000000000      c
    2.08986499843282      6.54490020190536      0.00000000000000      n
    4.24345736129234      0.58270089514358      0.00000000000000      h
    8.37783608154496      2.85198418107881      0.00000000000000      h
    8.35173140485938      7.58880947958826      0.00000000000000      h
    4.21344473098103      9.79494378761687      0.00000000000000      h
$user-defined bonds
$end
