$jkbas
*
u def-TZVP
# u     (20s15p14d13f9g8h6i) / [15s13p14d13f9g7h5i]
# {611111111111111/3111111111111/11111111111111/1111111111111/111111111/2111111/
*
   6  s
  727.72681420      0.12751320000
  450.73631100     -0.58680940000
  280.75343620       1.3507985000
  173.89630550      -2.2649174000
  108.38536110       3.0952013000
  67.217782000      -3.8818200000
   1  s
  41.894542000       1.0000000000
   1  s
  25.853147800       1.0000000000
   1  s
  15.954131600       1.0000000000
   1  s
  9.8454674000       1.0000000000
   1  s
  6.0757880000       1.0000000000
   1  s
  3.7494854000       1.0000000000
   1  s
  2.3138924000       1.0000000000
   1  s
  1.4279624000       1.0000000000
   1  s
 0.88123600000       1.0000000000
   1  s
 0.54383740000       1.0000000000
   1  s
 0.33561950000       1.0000000000
   1  s
 0.20712190000       1.0000000000
   1  s
 0.12782190000       1.0000000000
   1  s
 0.79672100000E-01   1.0000000000
   3  p
  262.84410340      0.10266712420
  145.97305580     -0.37427558290
  81.068884100      0.92161665010
   1  p
  45.023801500       1.0000000000
   1  p
  25.005528400       1.0000000000
   1  p
  13.887857700       1.0000000000
   1  p
  7.7132830000       1.0000000000
   1  p
  4.2839805000       1.0000000000
   1  p
  2.3793557000       1.0000000000
   1  p
  1.3215219000       1.0000000000
   1  p
 0.73399290000       1.0000000000
   1  p
 0.40767240000       1.0000000000
   1  p
 0.22642910000       1.0000000000
   1  p
 0.12576330000       1.0000000000
   1  p
 0.69851500000E-01   1.0000000000
   1  d
  128.25061670       1.0000000000
   1  d
  68.424441700       1.0000000000
   1  d
  36.525043300       1.0000000000
   1  d
  19.506448300       1.0000000000
   1  d
  10.422068500       1.0000000000
   1  d
  5.5705511000       1.0000000000
   1  d
  2.9784557000       1.0000000000
   1  d
  1.5929901000       1.0000000000
   1  d
 0.85220510000       1.0000000000
   1  d
 0.45599970000       1.0000000000
   1  d
 0.24403630000       1.0000000000
   1  d
 0.13061530000       1.0000000000
   1  d
 0.69913900000E-01   1.0000000000
   1  d
 0.37423300000E-01   1.0000000000
   1  f
  69.787476700       1.0000000000
   1  f
  37.190715400       1.0000000000
   1  f
  20.442190500       1.0000000000
   1  f
  11.098341600       1.0000000000
   1  f
  5.7455052000       1.0000000000
   1  f
  3.1252946000       1.0000000000
   1  f
  1.6882518000       1.0000000000
   1  f
 0.86897980000       1.0000000000
   1  f
 0.46720330000       1.0000000000
   1  f
 0.25877380000       1.0000000000
   1  f
 0.14170780000       1.0000000000
   1  f
 0.78545100000E-01   1.0000000000
   1  f
 0.43568100000E-01   1.0000000000
   1  g
  21.804571900       1.0000000000
   1  g
  11.345788000       1.0000000000
   1  g
  5.8453701000       1.0000000000
   1  g
  3.0417293000       1.0000000000
   1  g
  1.5986688000       1.0000000000
   1  g
 0.81552750000       1.0000000000
   1  g
 0.42863470000       1.0000000000
   1  g
 0.22305770000       1.0000000000
   1  g
 0.11492830000       1.0000000000
   2  h
  10.740933500      0.42323704100E-01
  5.4523878000      0.99910395060
   1  h
  2.6332293000       1.0000000000
   1  h
  1.2220349000       1.0000000000
   1  h
 0.57279700000       1.0000000000
   1  h
 0.29664390000       1.0000000000
   1  h
 0.14327110000       1.0000000000
   1  h
 0.74198800000E-01   1.0000000000
   2  i
  9.7715499000      0.22623678710
  4.7191535000      0.97407233620
   1  i
  2.2791612000       1.0000000000
   1  i
  1.1007618000       1.0000000000
   1  i
 0.53163800000       1.0000000000
   1  i
 0.25676760000       1.0000000000
*
$cbas
*
u def-TZVP
# u     (11s10p9d7f6g6h5i) / [11s10p9d7f6g6h5i]
# {11111111111/1111111111/111111111/1111111/111111/111111/11111}
*
   1  s
  7.3061304326       1.0000000000
   1  s
  5.4171610761       1.0000000000
   1  s
  5.0529046838       1.0000000000
   1  s
  4.4926415364       1.0000000000
   1  s
  2.7215120076       1.0000000000
   1  s
 0.72071168168       1.0000000000
   1  s
 0.66030300344       1.0000000000
   1  s
 0.30092596957       1.0000000000
   1  s
 0.17170749719       1.0000000000
   1  s
 0.54933535160E-01   1.0000000000
   1  s
 0.50823247307E-01   1.0000000000
   1  p
  10.197567517       1.0000000000
   1  p
  7.8855773284       1.0000000000
   1  p
  6.0805427000       1.0000000000
   1  p
  5.0007661719       1.0000000000
   1  p
  1.9664228937       1.0000000000
   1  p
  1.2661318013       1.0000000000
   1  p
 0.72480670285       1.0000000000
   1  p
 0.41097177789       1.0000000000
   1  p
 0.20077336070       1.0000000000
   1  p
 0.38958043477E-01   1.0000000000
   1  d
  6.5698188851       1.0000000000
   1  d
  6.1195459126       1.0000000000
   1  d
  4.1970530245       1.0000000000
   1  d
  2.2795902303       1.0000000000
   1  d
  1.0547149556       1.0000000000
   1  d
 0.75776721928       1.0000000000
   1  d
 0.32417167276       1.0000000000
   1  d
 0.26971630670       1.0000000000
   1  d
 0.88929844531E-01   1.0000000000
   1  f
  4.3906391239       1.0000000000
   1  f
  4.0595050448       1.0000000000
   1  f
  2.0537705425       1.0000000000
   1  f
 0.86237158705       1.0000000000
   1  f
 0.54970897441       1.0000000000
   1  f
 0.24542937292       1.0000000000
   1  f
 0.11665804419       1.0000000000
   1  g
  6.5123882300       1.0000000000
   1  g
  4.6270700335       1.0000000000
   1  g
  2.3472678145       1.0000000000
   1  g
  1.1613697347       1.0000000000
   1  g
 0.74005944829       1.0000000000
   1  g
 0.35108202096       1.0000000000
   1  h
  12.939670016       1.0000000000
   1  h
  6.5385919243       1.0000000000
   1  h
  2.1804289411       1.0000000000
   1  h
  1.3976859907       1.0000000000
   1  h
 0.68147016299       1.0000000000
   1  h
 0.33279372186       1.0000000000
   1  i
  10.460555358       1.0000000000
   1  i
  4.2727304098       1.0000000000
   1  i
  1.8169913938       1.0000000000
   1  i
  1.0693004876       1.0000000000
   1  i
 0.45102095977       1.0000000000
*
o def2-TZVP
# o     (8s6p5d3f1g) / [8s6p4d3f1g]     {11111111/111111/2111/111/1}
*
   1  s
  364.91291000      0.58060340000
   1  s
  77.387094000       1.4017984600
   1  s
  24.301706000      0.34994600000
   1  s
  8.4369545000       1.0000000000
   1  s
  3.1527941000       1.0000000000
   1  s
  1.5775430000       1.0000000000
   1  s
 0.78178244000       1.0000000000
   1  s
 0.31652679000       1.0000000000
   1  p
  56.735948000       1.0491164900
   1  p
  14.997217000       1.1396043900
   1  p
  5.6428116000       1.0000000000
   1  p
  2.4069219800       1.0000000000
   1  p
  1.0264059600       1.0000000000
   1  p
 0.43769977000       1.0000000000
   2  d
  12.446821000       1.1497182100
  6.1216917000      0.95355196000
   1  d
  2.7102949000       1.0000000000
   1  d
  1.1524061000       1.0000000000
   1  d
 0.41386174000       1.0000000000
   1  f
  4.7793539000      0.36170900000
   1  f
  2.3204642000       1.7811199000
   1  f
  1.0912804000      0.45330353000
   1  g
  2.3383107000       1.0000000000
*
s def2-TZVP
# s     (10s7p7d5f2g) / [9s7p6d5f2g]     {211111111/1111111/211111/11111/11}
*
   2  s
  345.09162253       1.4891993700
  117.44227934      0.17581282000
   1  s
  42.003765800      -1.0916937800
   1  s
  15.182067850       1.0000000000
   1  s
  8.8217211500       1.0000000000
   1  s
  4.6859940100       1.0000000000
   1  s
  2.0640062600       1.0000000000
   1  s
 0.93603209000       1.0000000000
   1  s
 0.38913549000       1.0000000000
   1  s
 0.19781082000       1.0000000000
   1  p
  96.683927660     -0.79923793000
   1  p
  15.067500800       1.5434602300
   1  p
  7.5337504400      0.43808368000
   1  p
  2.6257893900       1.0000000000
   1  p
  1.1733056400       1.0000000000
   1  p
 0.63125153000       1.0000000000
   1  p
 0.32454873000       1.0000000000
   2  d
  61.878479230       1.0712356200
  20.170965230       1.7042246900
   1  d
  6.1478623400      0.55602682000
   1  d
  3.2380252400       1.0000000000
   1  d
  1.1153847000       1.0000000000
   1  d
 0.60336661000       1.0000000000
   1  d
 0.24224219000       1.0000000000
   1  f
  11.302730326       1.0000000000
   1  f
  4.9503455707       1.0000000000
   1  f
  1.8154279285       1.0000000000
   1  f
  1.0290097097       1.0000000000
   1  f
 0.48920031399       1.0000000000
   1  g
  2.9569474559       1.0000000000
   1  g
 0.86383824993       1.0000000000
*
c def2-TZVP
# c     (8s6p5d3f1g) / [8s6p4d3f1g]     {11111111/111111/2111/111/1}
*
   1  s
  281.47693316      0.48911748000
   1  s
  59.862606910       1.5250664400
   1  s
  23.282844920      0.53278071000
   1  s
  9.4336543900       1.0000000000
   1  s
  3.3115794700       1.0000000000
   1  s
  1.0743857900       1.0000000000
   1  s
 0.40591700000       1.0000000000
   1  s
 0.20682782000       1.0000000000
   1  p
  24.794322760       1.2750582900
   1  p
  6.3790867800       1.3065964800
   1  p
  2.7361982700       1.0000000000
   1  p
  1.1318078500       1.0000000000
   1  p
 0.49171280000       1.0000000000
   1  p
 0.23760591000       1.0000000000
   2  d
  9.0676879600      0.47011119000
  3.4116768900       1.3411244200
   1  d
  1.4150161500       1.0000000000
   1  d
 0.58793486000       1.0000000000
   1  d
 0.25753087000       1.0000000000
   1  f
  2.3870173500      0.79093613000
   1  f
  1.1606799200       1.3917998400
   1  f
 0.55289817000      0.10532469000
   1  g
  1.2288470700       1.0000000000
*
h def2-TZVP
# h     (4s3p2d) / [4s2p1d]     {1111/21/2}
*
   1  s
  9.3352160900      0.64609379000
   1  s
  1.8611070400       1.3700524100
   1  s
 0.59512466000       1.0000000000
   1  s
 0.26448099000       1.0000000000
   2  p
  2.4524982100      0.13284956000
  1.3540383000       1.4527621500
   1  p
 0.59522394000       1.0000000000
   2  d
  1.5816376600       1.4936739700
 0.62743960000     -0.10706900000E-01
*
$jbas
*
u def-TZVP
# u     (18s7p7d6f6g3h5i) / [14s7p7d6f5g2h2i]
# {51111111111111/1111111/1111111/111111/21111/21/41}
*
   5  s
  13742.500811     -0.68213100000E-01
  6430.0766389      0.20700760000
  3021.4532458     -0.34837640000
  1425.4526776      0.46070690000
  675.01494820     -0.55918360000
   1  s
  320.76191510      0.66900730000
   1  s
  152.91319600     -0.90454700000
   1  s
  73.110995400       1.5492018000
   1  s
  35.049170700      -3.7437433000
   1  s
  16.842668900       11.319931900
   1  s
  8.1107708000      -23.456852900
   1  s
  3.9130064000       17.730692700
   1  s
  1.8907526000      0.61974850000
   1  s
 0.91477120000       2.4223749000
   1  s
 0.44301800000      0.78188630000
   1  s
 0.21470320000      0.65872200000E-01
   1  s
 0.10409760000      0.13688050000
   1  s
 0.50478300000E-01  0.55678000000E-02
   1  p
  6.9552087000      0.47220900000E-01
   1  p
  3.5370285000     -0.92623900000E-01
   1  p
  1.6052354000      0.19047900000E-01
   1  p
 0.72901260000     -0.98887000000E-02
   1  p
 0.37149380000     -0.16967700000E-01
   1  p
 0.18466260000      0.36710200000E-01
   1  p
 0.91792300000E-01  0.79083000000E-02
   1  d
  12.418130400     -0.10938100000E-01
   1  d
  6.2504737000      0.24507400000E-01
   1  d
  2.9525926000     -0.17678700000E-01
   1  d
  1.0056114000     -0.95659000000E-02
   1  d
 0.43368970000      0.41860000000E-02
   1  d
 0.19499920000      0.14255200000E-01
   1  d
 0.79037700000E-01  0.28594000000E-02
   1  f
  19.328711200      0.39398000000E-02
   1  f
  7.4341200000     -0.89105000000E-02
   1  f
  2.8592770000      0.23839000000E-02
   1  f
  1.0997220000      0.23839000000E-02
   1  f
 0.19459020000     -0.42039000000E-02
   1  f
 0.74842400000E-01 -0.31930000000E-03
   2  g
  13.415382400     -0.44890000000E-03
  5.9640005000      0.42541000000E-02
   1  g
  3.0338553000     -0.56753000000E-02
   1  g
  1.2962023000     -0.31094000000E-02
   1  g
 0.54826030000      0.37782000000E-02
   1  g
 0.23660820000      0.41990000000E-03
   2  h
  5.7338652000      0.39814000000E-02
  1.0802748000     -0.43263000000E-02
   1  h
 0.29039670000     -0.13615000000E-02
   4  i
  9.3867906000      0.30190000000E-02
  4.2571400000      0.10761600000E-01
  1.8187374000      0.62808000000E-02
 0.73191400000      0.12325000000E-02
   1  i
 0.31270780000      0.79400000000E-04
*
o def-TZVP
# o     (9s3p3d1f) / [7s3p3d1f]     {3111111/111/111/1}
*
   3  s
  957.84325300      0.56249624000
  281.96742500       1.4910898500
  90.199832000       3.8654773300
   1  s
  31.138299000       3.6057772500
   1  s
  11.493732000      0.23005858100
   1  s
  4.4840490000     -0.50157691000E-01
   1  s
  1.8235040000       1.0507046300
   1  s
 0.76090300000      0.58565488100
   1  s
 0.32029200000      0.74991295000E-01
   1  p
 0.61470886295     -0.85578439300E-01
   1  p
  1.4753012711      0.41799959400E-01
   1  p
  3.6956296840     -0.58551078600E-01
   1  d
  7.6526720000      0.91068726800E-01
   1  d
  2.2178680000      0.11163133900
   1  d
 0.68233700000      0.46006656800E-01
   1  f
  2.1917808219       1.0000000000
*
s def-TZVP
# s     (12s6p5d1f1g) / [5s3p2d1f1g]     {81111/411/41/1/1}
*
   8  s
  3612.9376860       1.8128485900
  1059.6514190       4.8480507500
  339.29484500       12.116656500
  118.35323600       9.7039947400
  44.819730000      -1.1639645300
  18.333761000       2.3968143200
  8.0453090000       6.5382391600
  3.7540080000       1.5541873400
   1  s
  1.8423770000     -0.95175204800
   1  s
 0.93893100000      0.62532805800
   1  s
 0.48979800000      0.40459013300
   1  s
 0.25753100000      0.24775177000
   4  p
  41.741870968     -0.33273212500E-01
  14.156642286      0.88869275000E-01
  5.2266084388     -0.75237373700E-01
  2.0600371099      0.71588180500E-01
   1  p
 0.84625937613     -0.38250182700E-01
   1  p
 0.35260807339      0.25997174400E-01
   4  d
  28.715626000      0.43105065900E-01
  8.6266000000      0.37001012500E-02
  2.8505500000     -0.26034919400E-01
  1.0020110000      0.72264044200E-01
   1  d
 0.35987300000      0.37521588200E-01
   1  f
  1.0045662100       1.0000000000
   1  g
  1.1000000000       1.0000000000
*
c def-TZVP
# c     (9s3p3d1f) / [7s3p3d1f]     {3111111/111/111/1}
*
   3  s
  591.55392700      0.31582019500
  172.11794000      0.87503862800
  54.799259000       2.3076052400
   1  s
  18.959094000       2.4179721500
   1  s
  7.0599300000      0.41345761600
   1  s
  2.7948490000     -0.19000954400
   1  s
  1.1586340000      0.37707104800
   1  s
 0.49432400000      0.34791787800
   1  s
 0.21296900000      0.54740772400E-01
   1  p
 0.32784735795      0.53190985100E-01
   1  p
 0.78683365909      0.13441968800E-02
   1  p
  1.9710183160      0.22198600500E-01
   1  d
  4.0133010000      0.52468412700E-01
   1  d
  1.2475050000      0.80267825200E-01
   1  d
 0.40814800000      0.29636167300E-01
   1  f
 0.90000000000       1.0000000000
*
h def-TZVP
# h     (4s2p) / [3s2p]     {211/11}
*
   2  s
  9.3081300000      0.34466183000E-01
  2.3067180000      0.12253379600
   1  s
 0.75201200000      0.18250021100
   1  s
 0.27397800000      0.22150547900E-01
   1  p
  2.0327040000      0.29513659100E-01
   1  p
 0.79025200000      0.32755872800E-01
*
$end
