$coord
    3.98263560217130     -0.49425597816975     -0.39353546545332       u
   -3.93026562207955     -0.36555240099986      0.31295754349927       u
    4.01004796933512     -1.42326423829702     -3.61389901265145       o
    4.24027519282441      0.41591171249501      2.82413522201723       o
   -4.38556489619013      0.62927313032201     -2.85604702708378       o
   -3.71992209687358     -1.39328184360371      3.49502579078187       o
    0.01684312894879     -0.22761373225892     -0.18253431555598       o
    8.49434727608471     -2.44957638630740     -0.24460048039319       n
    8.77943324897188     -4.94225742551752     -0.46412240538646       c
    7.06221077363257     -6.03336450288906     -0.67508576076131       h
   11.11625156714898     -6.11164640760169     -0.41043906563809       c
   11.24250039008298     -8.14389756627286     -0.60116723367045       h
   13.24660218840172     -4.62251387550471     -0.12049838633676       c
   15.11474575095814     -5.45902949046218     -0.08074988703138       h
   12.96312437244661     -2.03241367511789      0.09635524536854       c
   14.60899645849842     -0.83544036079255      0.27763289305164       h
   10.55127636821737     -0.99589889576065      0.02721394592074       c
    7.86384582378169      2.59081262713581     -0.58896338235762       n
   10.12405275514034      1.75219374700163      0.17736969405737       c
   11.97848635466260      3.38891766888413      1.06079587033255       c
   13.77429876007285      2.67430450677402      1.71945424189249       h
   11.47051285455420      5.94844965947901      1.13524918991668       c
   12.86722077162186      7.26043359547519      1.85412935361619       h
    9.16115792614628      6.81622890344228      0.28105518706334       c
    8.73437839870855      8.81276612808415      0.32334914745859       h
    7.39525043665824      5.07841030307068     -0.59048272216181       c
    3.22404473368890      4.03557250010044     -1.98365496165029       n
    4.92451478693340      5.87290407819484     -1.60172619405443       c
    4.39564091588664      8.37253175063908     -2.20747790330322       c
    5.78771711422284      9.83707327667630     -1.91016540238972       h
    2.07132313602393      8.97159949858507     -3.24430259774489       c
    1.62924816533348     10.91308711149046     -3.72036618251287       h
    0.34555153969682      7.05628081305349     -3.68425351627127       c
   -1.48690643472217      7.42641579990557     -4.51328770550134       h
    1.00403983590554      4.61584503201091     -3.02371675694345       c
   -0.29392989115042      3.06153773560171     -3.30288977678667       h
   -2.94628333926079      4.11205538554242      1.95011988184269       n
   -0.68460620097717      4.59056805536791      2.94855667978871       c
    0.54406726908876      2.97992802318362      3.22182808494472       h
    0.10161057372113      7.00086459444884      3.58180390415081       c
    1.96365976952563      7.28711085917653      4.37761481838383       h
   -1.53657221672958      8.99496974156832      3.15733362203737       c
   -0.99248038120121     10.91555509380923      3.61214912626005       h
   -3.90685002566931      8.50224822101177      2.16850608143506       c
   -5.23670321189996     10.02773341456817      1.89050091233687       h
   -4.56429330333112      6.02715864229579      1.59127978803750       c
   -7.67926682455887      2.87761447134413      0.73938747160395       n
   -7.09372762593908      5.33722908282555      0.65397374049699       c
   -8.79530127924036      7.13253693136052     -0.22821844461881       c
   -8.27226666191869      9.10334553481560     -0.34670238290672       h
  -11.16667134988012      6.35116730417188     -0.99405641278914       c
  -12.51823370983047      7.70698343762876     -1.71803883702515       h
  -11.79644336789903      3.82278744874146     -0.82207810736533       c
  -13.64463142257940      3.17617419149988     -1.40220324063807       h
   -9.99574979990888      2.12667888339260      0.05962841813644       c
   -8.53177708143517     -2.11338654983198      0.60639043667891       n
  -10.53657807842003     -0.59110066260457      0.32780701138658       c
  -12.98951250805089     -1.52600864769292      0.38272245256821       c
  -14.58850237867686     -0.27059177351129      0.17777787490029       h
  -13.36965548445898     -4.08551607184818      0.75800127393152       c
  -15.26994895757366     -4.84501778832265      0.81750874959598       h
  -11.29289371664837     -5.64230457865901      1.08453460991010       c
  -11.49547046748213     -7.65128376010541      1.40910829989745       h
   -8.91001521390964     -4.57224716058967      0.99226117297075       c
   -7.23407002631053     -5.72195842453811      1.22242603549792       h
    3.21822248749893     -4.72199283815726      0.91750927665893       o
    2.14821987148720     -5.52124872311548      3.49089484947343       s
    4.66715109629450     -7.16651042762904      4.97593234505835       c
    5.35828063185388     -8.63968800205580      3.71217421976261       h
    3.93816278755436     -7.96518994611925      6.73163720319953       h
    6.13540026498823     -5.78071756865722      5.38237841939511       h
    0.12609575511790     -8.09069799641239      2.76352036684373       c
   -1.44455767226930     -7.31454590305385      1.68046352276309       h
   -0.54628202810682     -8.87891788080280      4.54638058939579       h
    1.17334228913689     -9.48969248209084      1.67137960928201       h
   -3.59304210541396     -4.57460553879320     -1.19011171876682       o
   -3.69190123789763     -5.55918875451959     -3.91613802957185       s
   -0.48659313873439     -6.02476624902202     -4.78068395213589       c
    0.43328963393707     -7.21151236556088     -3.37076684945710       h
    0.39675555876968     -4.16780797539726     -4.87413846790313       h
   -0.47517163403715     -6.91715350658017     -6.63951305462403       h
   -4.64877539945863     -8.75596851968240     -3.57962504992911       c
   -3.39849480088373     -9.69790817568049     -2.24009079676201       h
   -4.54688136681881     -9.63194350584817     -5.44333153554491       h
   -6.59523110234567     -8.74283681284237     -2.90896124829943       h
$end
