$coord  natoms=    81
    0.00000000000000      0.00000000000000      0.01624597549341      u
   -2.81880808407191     -0.37852537084541     -3.37792891146943      o
   -2.98993979219189      0.90272594918598     -5.97689003765462      s
   -5.68457775206689      2.88539825325147     -5.79017564791097      c
   -5.97519873277308      3.68870193156864     -7.66724438695400      h
   -5.23918253257546      4.37265050785444     -4.44145732577819      h
   -7.31465172771683      1.77965335731857     -5.18986068072273      h
   -4.18489865846837     -1.51709291983694     -7.96115727056930      c
   -2.71280200738490     -2.94760047836965     -8.12076164932907      h
   -4.56496226637923     -0.67713233415428     -9.80532965723484      h
   -5.89886891514720     -2.29093954732344     -7.11979072864992      h
   -0.94417142255127      4.09704718066065     -1.43558903208183      o
   -0.54487796159622      6.75501311536115     -0.34910233508499      s
   -3.60650829377804      7.82143847981896      0.49797873863526      c
   -4.22980422036786      6.65141454975692      2.07049921543360      h
   -4.86868660803359      7.65302041841394     -1.12060192272471      h
   -3.42103734382439      9.78516250003283      1.10020421893550      h
    0.00000000000000      8.63603516145690     -3.06626394063940      c
   -1.53238269391129      8.33505470213550     -4.41029952143536      h
    1.81223412543324      8.04880276822944     -3.84790190893774      h
    0.08969774023149     10.60328919007156     -2.45561784072783      h
    1.74969552906488     -2.23540238624681      3.40084373045664      o
    2.76460695936539     -1.49263041515366      6.01731694863874      s
    6.07799983395273     -1.94735899197461      5.81826831647966      c
    6.84549698166049     -1.64384629964621      7.70839317331773      h
    6.79801761277926     -0.52242990496179      4.52222044089245      h
    6.47452295640907     -3.85359376402511      5.14725869496917      h
    1.92436291476404     -4.10689076404382      7.93516219799894      c
    2.61094954871982     -5.83561978175597      7.04924347296539      h
   -0.12908908129931     -4.10279194807951      8.08691287498477      h
    2.77689584835383     -3.82233580419767      9.79055955784476      h
    3.54483897142700      2.28340331953843      1.44640204496694      o
    5.16330058004112      4.39540281039494      0.29514309532243      s
    6.10022301317832      6.20119485946933      2.95724375078362      c
    7.44563998377139      7.62141852843183      2.30661482552721      h
    6.94875917601454      4.94656411135554      4.35409150758449      h
    4.40638022945289      7.11012477952245      3.69465645858733      h
    8.08389309263761      2.94314828362003     -0.47596342928337      c
    8.84944004298476      2.00201932012941      1.18792152618838      h
    9.34624904114887      4.43384172949595     -1.13712757768456      h
    7.70396743473385      1.60857267180395     -1.99371019435943      h
    2.81880808407191      0.37852537084541     -3.37792891146943      o
    2.98993979219189     -0.90272594918598     -5.97689003765462      s
    5.68457775206689     -2.88539825325147     -5.79017564791097      c
    5.97519873277308     -3.68870193156864     -7.66724438695400      h
    5.23918253257546     -4.37265050785444     -4.44145732577819      h
    7.31465172771683     -1.77965335731857     -5.18986068072273      h
    4.18489865846837      1.51709291983694     -7.96115727056930      c
    2.71280200738490      2.94760047836965     -8.12076164932907      h
    4.56496226637923      0.67713233415428     -9.80532965723484      h
    5.89886891514720      2.29093954732344     -7.11979072864992      h
    0.94417142255127     -4.09704718066065     -1.43558903208183      o
    0.54487796159622     -6.75501311536115     -0.34910233508499      s
    3.60650829377804     -7.82143847981896      0.49797873863526      c
    4.22980422036786     -6.65141454975692      2.07049921543360      h
    4.86868660803359     -7.65302041841394     -1.12060192272471      h
    3.42103734382439     -9.78516250003283      1.10020421893550      h
    0.00000000000000     -8.63603516145690     -3.06626394063940      c
    1.53238269391129     -8.33505470213550     -4.41029952143536      h
   -1.81223412543324     -8.04880276822944     -3.84790190893774      h
   -0.08969774023149    -10.60328919007156     -2.45561784072783      h
   -1.74969552906488      2.23540238624681      3.40084373045664      o
   -2.76460695936539      1.49263041515366      6.01731694863874      s
   -6.07799983395273      1.94735899197461      5.81826831647966      c
   -6.84549698166049      1.64384629964621      7.70839317331773      h
   -6.79801761277926      0.52242990496179      4.52222044089245      h
   -6.47452295640907      3.85359376402511      5.14725869496917      h
   -1.92436291476404      4.10689076404382      7.93516219799894      c
   -2.61094954871982      5.83561978175597      7.04924347296539      h
    0.12908908129931      4.10279194807951      8.08691287498477      h
   -2.77689584835383      3.82233580419767      9.79055955784476      h
   -3.54483897142700     -2.28340331953843      1.44640204496694      o
   -5.16330058004112     -4.39540281039494      0.29514309532243      s
   -6.10022301317832     -6.20119485946933      2.95724375078362      c
   -7.44563998377139     -7.62141852843183      2.30661482552721      h
   -6.94875917601454     -4.94656411135554      4.35409150758449      h
   -4.40638022945289     -7.11012477952245      3.69465645858733      h
   -8.08389309263761     -2.94314828362003     -0.47596342928337      c
   -8.84944004298476     -2.00201932012941      1.18792152618838      h
   -9.34624904114887     -4.43384172949595     -1.13712757768456      h
   -7.70396743473385     -1.60857267180395     -1.99371019435943      h
$user-defined bonds
$end
